$ANSIBLE_VAULT;1.1;AES256
32656235323365373363363761336331356362633038396136396635643230663933656135663466
3930336166373464626132313235663466623230343861330a326639666434383663633936663432
34356437613437323334356164643166656333383439303233646138323632326638663838623432
3932333530303763310a663036343562616664396262613637356530303239636432303534346436
61383766653166363135636563656133326435663833363932366665653165633162383031313936
66363833366631663366303162613336333661313164396631393065383765356564383561646638
31323965336433363566363436313331623261373662666537323830653363313134313764316334
32323136343637303366663732616564393436343539373765663539633864653965633464396332
34373563633566393566316433346330366434303235613361383366373735616265623036653666
34646634626264633566346136316436363339383139363265646333636239663138363263333833
63366131663036326364323064326230613162383331316237633137653731323833396130366538
65313338396634633463633334656533303861636465333666333138373533626638323131653735
31383165393237363937343261343932346135346130303931383263376336636361336131643936
35386362643065613530626164326533613235346361393564633364323165623330356266376165
31633536363239366536323636326534373365306435633762343863303531653837383339626535
65613332356366346436343433343838356361343738353861636339643039636266303666633939
64623762646362343233353665306438353631623466313932326338666466313736356238346130
36306364383361313838376364306166366464393263373662656239646138616366616661613232
37326361336631383539376666333565653165323732356231306262353934333532373663353564
65366361393561313863646165336565393630363032366331343233396534373937363336623238
30333834313763323262653139376162383864343063626339326363653331633736373664636366
64303864383932623363643530666638353763343937376466363138306435653464623432383530
36643337323235373538653936333831376263323862306161356230636631653363356434313733
33393161396264383734666565613833376138393336623534633235646164333937623933323066
39656638663931323938363234316334373236356138376635653932326365646230356136393234
36643930646634646463333730336338613830323934616365623736396532656139623462623035
66363165343765643735323665653762646461333432656232363839313463626132363063386161
33323165316562396239613835663264613231366130396539663566356130666362323835636438
38326330653737343631306132376262316637343465393635343035323437623834613732366464
64663961626633373664393030303336313935306137616564396561636535633761383933336662
37636436663836343933383165316339383966323134626632366464343330376131663737633938
63656439636330623638393864663063656561653534663430333364306665373063616266303862
33616631643933363963333262316364626538613936376238363938623138666161343065316363
62393034303836633236663764316132323534646536613639363263343833383365363764636636
37326331666365303165323464376665303130396331643662343332636438363832666533313464
34663862663261666231343031336465633466343936323639303438666334393066346362656662
61353063363063393131663862646136353236353265366266643232623935313433303062636565
37316564623931303238386664343331613066636337303061303639383962643236326337306363
34626262383866363338333635376234316438616632373537346330386132623335313836666235
37636662346661626566336161646464393736646531616266656162353731393038306333353261
62663863373835613461633864643039653161626165333831626337333965326432363235306165
66353665616630663361356638353038373536353333653630333832323665346139663934623136
38616331326637363834353134353462376437626434343832656333343131303365396433396534
66326666323233396633353163663738663237306637323730303637306637303631353032616338
65356232336666616130326336616331613136396634633735613765383831383765313461376634
36646535393162646632383638313837653662643639393130626130376562666237633937353963
34633135306132393362383930343239333165613339623961386466613738336336666434353364
36643730343034373830386234666461303765356637333562356539373530653262353638323063
34653064373732663038636139386431336431303962666337636466633734643739393562343261
32373434306265366234656666336564636261653264366636373532306335663361336633383536
32633731383033366464366533646162386363336666643461623364323237376133643462323938
64303063396233343338346237316162653335633637366630343435616130623131633463616562
37653338313333323236666236626566376562306330336165373561663733653130613466373234
34363862356439363238656630343765383335653339313134306533313339363231653638363361
61306562303132333135393836376163663263336638306439376563323536643636653161653264
39323861323033663365323739326631386531653437306130373635653865393431363038643663
65633034366231613432306261353862636161356532353563666235343865666139653530306133
37303238336339326333323064393338393031623464333734363964393337666132306566306235
31353334326238393466633264363433383934653339323430336365363562663666383836383238
38663531383237616536613365393931333364663039303737366161646563616630666363623662
36333537306634396235373830353236383236353539366561396437323962613566383836313131
66393466313763633531666263356339613234373135323233646637363361353165386132323832
39643131333635323031663438626461303637636232333030623261353432316131306330643038
33656530643161613861623330353461633837633537306136386161656130313835633265383830
63303866646433613665663562656637363134376331386535396233353539386361376232376230
65653839666535613232393663646636316234366361363833356338623638393931633362316164
65666136636661313239333338646536353732323462376634643564306265343461333561353239
30616166656131363436656663376361356139353461326166616163396232653661616563626630
30633465386438636465303161636264353138663366393462666538353730633464656534356239
36663839326333366234313436636461366536633038373433623462326138346163316634643761
36393237343632616634366161396565393637666232656138366631396333343361633063356237
36653539386235363439393862393138326666393734363531366339663039333530623766326237
61323766323036623932343830636438373033346430623435616365393335343136396266393664
35366338656466343065386534383136643233326262646430343761626537333632336666643133
39346566393130313338393331353239636134333665613239363366303132626264633333306461
33373138343334636333386634326132636438386430303037393664343136646666303835626231
37303939383131343964396662323232333461376161333235333535663432346436653631623536
64623135636431363037326430306163356339373163346335633936323637656631663339303136
62313663343262316466653439366237613831623737373836643337353065626662396464373330
66623532386261333064633637333739653630343330303530633065333835313362636465633733
34306234373536636162393665303336633036343864383331653431656661343936366637356162
36636137643733383239386462306161313033633839623961373836393361326637323764333865
32323234346134326639653637343532633761616239636339636237306264383830666331626233
38363766663031323436346461643161623530313763666230396263386337313066313937666439
32356335326639373462383062643662653239323337663135633935353135326165316231366561
34323966386133396565616461306665396637356665656137616632626561323836633431626231
36313961363732663762303738383735333539343765313035396636316365353035353364656136
31303030386163373730396332633738353862623133386662336135613231633165383132616239
32643533383537613336336533663630336465393238633761396533646666653664326466393635
32316331636631356530643061323538393763353361623865656532343938323237613764623563
39356464653362303138326261613662373433336162633434366535303934376362353433616337
61663334333930616234646630666565306363653466626536643831613032616462363165663038
32316338373339363863623762306162666233386465313539636465323236343762386637643538
33363733376334303030633739633665316537656331323838656332303863656331623061323731
61613966373939353963636132323038356133663832633731633166336163623562326235353738
36633931303938653836303834373930653236353236306264363832303365633132383336613561
30616235376236613338373237323466303138383831353361373637643563616562646231313539
32313632363032373537633062643463323263303965313937646434303230653938376235303634
39303266363333626633393736323063363665343738646464306536303233636434396333613333
39316338623963333634663032336630616137613731373533646634613235386464363830316438
65306236616633333565393536373736666366303236306563396134393662363863363361623330
37666330396538343030373365353664633830653736393831323564353465663036356137306534
32613135313864376135366339663137623638656531623233363337346462396334633834653938
32363736336465333966646166376466353933313464303237326166636538633735616265396334
63643566393031616335316337633432343838363734636266353332326130373331383666376635
66636362633263343539663333363866636636393639306164353238616637353938613262633564
65396566313632366530366361626631366135306133316632333466626565306161646465326263
32376165353335656637373166313639356663393238663363363532383832326430376436666361
38336337636433666233316462643165653963333737643038356139623630323262396133623236
62353537396432323032336433623035613563623465353265633666326234316265653061336139
34646337653430646362616564333161666338393564666563343237613039353264633330303365
39653661313137633338623037646134386230333038623837326530636533633238623237656630
30323265346137353734366231343932353034386438623734356365633131313166376435323563
30336430313462653532356430653965613436646662666238626562383736353265313261373966
65373266303037623065643831363761326538636639306265376334636330643538643635303433
39376232333933356261366439333738636563346333363239306264383139643063636636333062
66616466383462626531303138343562316266306562333166326130333231373733303639323937
65336130366263663465333333353363316332633764316638393266643331313665346431623336
30613764346331363839313634366635666637373832626438333032396163393062353965613832
61653031306632383739653731626637323962333465323932326131663366613538356231663566
62323636313638663961303930383264663834383162316538393935396662376530316264623531
35623831373838303635653332333666396662336435376461383637396538613766616434663062
39323833656264373664666461373732323639643639626164623930663766383764366261306238
38313234636330313838393864613439656437356332366434333032363764393961636131393038
33376539373765346632373133353235393634623033366531656137613061346366303263663261
39646336393135613031663163326431633833396662643762376461333631663535343931313838
63396232633365383565336636323033663539363361383734613432353537353534303731386465
39393863356434313864326539343735653836303035356666646665383033613431636533323536
32623737353637613131363063376235613632653737623961353665346663613536363863396365
36653131393836366232303533336562653632643731636663373132366138383164386165346434
38333034613336393131303462393638343065303930613063393062363564356135326635356164
31626132313962303465613338636463373935343338616165613061383134333062663531346265
63356431383539663537643033643262323864333536316639383733366266303537326436623039
34666464396634613831656263613765323963636438343265363662616565303562306461636532
30363766366538363037613461373738623537623439396136643863323162633833623231326433
36336466366139373230636464366364363033323464383763333666303830613264396435646662
65623833643238626634646535313162396365393532633862623336383834336438303430383438
64303461396130383531636438316466643866613166303039613732376461666235633165316132
33313632616161656338336265633235396561666138383832653137626163633361373437396566
34363166623430376463346661666335623233323530626164663561386566623764373533393131
66343563323837626530633030373161393734343331313732623966326563323165373865373266
64626366656635393464626537653065346665323566393363643931376334643337376331643137
34393463653933343662383761393862643062343464313437313034366364333233646565613335
62303933366363353161626464383863323761386133366533653131653361616430326566316633
62626264653136646636636365643435643961336164313739313364373963303836336431646563
37653237383932666439353031396661316535383931386564623037363735653332653735613931
30333137643532323864346237363337316438666636613834393064326433393739373931633133
34363966303861353065363935343935333731363035303137346636313231343265323065633462
61616163646632356135656361373861336333613639353661353263323361393434393962663162
63323636653931323561346431303731393336313366633861626361653639656463366466656166
36376436643565633439366336643737303633616663323966383536306338613263343834366138
36653161396163333232353436323164313732636666313533356339616361323365323664663434
33386664323664646166613334393734373962326237343766643165393263636535393539366439
39326262666364633636656563653531623030643661333466333738656234653037616234353233
32333236336363393665373435623365373538643262666661313532316531333833356132666631
37633531643836363139333533396538336337393339353161376563363265303831306230336137
33663632396634396163306533636332366464376437643431373662613461326562353332373436
37396639653862386265393665376461643237353663633639623935373731363466353864356638
65343431333238306535386566633536613163323738646464616637616237363238336634633932
64326363623361633235313939303463313036313764616635666637613037363538636331393861
30646538623830363231636165353762336130666335333630656662356666663863366634353361
38366462656664376261386638306130623866663531353736653462316536663266646531626330
33333065626564396439343031646537396466646635353863383639393164623533653732383338
30366433363333333036363331313764366361653138303430613966633733336534613734656532
3466
