$ANSIBLE_VAULT;1.1;AES256
33373063326230363939623530643333636234613865643462613862373832613562366363616562
3561663630393638646338313439653464643339353437360a666433373163306332343531326538
66653030633564393637316431396466306339396462373639383936316437646630623135323536
3734633664336466370a376162336562633165633363626130396664663730343138393166353331
37633635393564613766666232623035373937616438393062643161666261633164363261663437
39343630636466313661613363336633656336633537353438373039313465623338306238646239
34653135366666316636646466613666333266356363663334336137643161663436383635353630
65633530653138373962313835343561343839313139653930393961363835383734326435366239
30323164373230373433363863633637383361396131366164333261376431343137323430633133
35313239326539313464353637633862363662636630323665326237313932326165656661633365
39616132656363666564303638376537343861623631356563623334656336386436306436353031
38353761333731653066626664656261623463633333373833346333346661356662313238383064
32323361346134383464313362353036306131626264313662336438343637646532396365313136
31633430653230396139313137623962626165613666643637343334353762633739393230356635
35313737663364303064633931383963343030386237336463306539363635313431646334303738
36383136343735373234366133353232616236366430393037393964653939373863363338333030
31356639323336346631656662643934636461343130623732323965313336376636393462633666
35346661323239306239376330646631646462313835383764333963306263653339363735353634
35653434386535313736303435346234626331636136303166393931613631663130663039626661
31376665363837373038353130386431393863383333393039313234353664636336623438366236
35663834323435326637626265653761363836313537313638343134333032303036623234383765
66366135623266383365626136653865306437623137663632373732633262313935376563613062
30623833376664626265376364363837656264313533373864333462333339313163313335393263
35316133393831653463633239393339643638626434666334363565653632313163613465333864
38363238616239353636666666346336303032626137306336653162303630626633363931663034
61616430316238613363386263346338396561613261376461356261363931643263353834326235
39663137343838363337643731383639336632353431323364396639396338636666623633393964
62653839383161616638383136353639363631643036353464613463633930393563363830373563
31626665643663653832633933316562633362386437333466376639386639393137
