$ANSIBLE_VAULT;1.1;AES256
32663439383639383339353562313130636339653261616434376564373836396637663165343730
3736383464643638356463336439613664623631383231340a393031316439393534313938333564
35623939326434343938653365393462316636356662313463393734646333636263613536366462
3637663564613135320a323962653835316634343963313030336536386433343239363563383736
65633866616666643762656662666365636366633434643831663438646133393334613138343733
34376461386232376632633963663365353738663461323233313464663532613236306535393634
37363833653533323161663239366164663530666339373365306436396465643631343964306134
34313835336166623937393433313361356330326266613730646564343336376536313864633839
31323838363136373264333464353261653534363637613634626663336630326332306130383764
38633332363562376564643765613362633335306533313034376464313834623836643165366632
32363064323063396537323664346337366635613862663831343364323039303864333438613762
65616638323030366336386262306634353231666561653361663835316439613434396364316465
39323132373436366461366433386263396463336261343031636230363435306164333631636435
61316563336130336266356563653136663133646237663731643133666238386463663537356231
30373137633761646133373931666132343830323035663832316435383363333436663666636438
38326636353432663731393531336530626537366132336337616638623639326531626335326564
61346231323938636539376532396135623431663033306439373737653334383934373638343862
33386236313062373334346564343265343339373638343538393431383433313535333137613965
64326162393762333335383535626363323837306364643462653935343134366636306564633434
32366464623234633035633033336565363432343239666236623661616437383337373535316432
31313433346237343135353039363062356462646332363861313132623466343034613762633132
66323063623261363633323865663835613363626530383432353266623061343332663036366564
39616334626365666439643565663932373831343435386161646366333763636335633334353336
63393630353936393862346331323962613834366465386538353362386336343832336439663265
3666
