$ANSIBLE_VAULT;1.1;AES256
34376638656432373032366638383534303832386631656635393761363636353334653536323934
3932313535343635336132633830353935346562373661370a646162373061636137353936373062
62313932396663396336346436353736663366326261393331346133623938353933343634393139
3865613063343738340a353466323166346435653932303237383165393861356431363361653565
31666262653235366631643366383030386166646262383435366135306632313832643561653934
31333638653531343736383339366431656261303237623032383830613861353639323965363937
65313637393761383733393164643336353539346266373863326163323730303539303863616633
62336334636139356537663064376563363539656539613561333035666465353039353963303231
31356636353461653136656637326635613963306362633031666561396239653561346263633064
36663334316231633334613230303330616565646534393037646639636136356166363664646130
31303438666537653330633464393763343736393261303837666632393434326338303539376165
30373935363638383737623164656533313939323364323138353539663738393361343937353031
63316564373135396263613338313362663730313361313336323730373634306336616634646161
32353364323161353033363663646638343431333266646665663937393637363237646466643239
64376362306164396363643334396435656330666530666362626664643031656134323335633966
36343964333962373433643335343630316531633938663430396631636631653366666630393762
30323432343164643938373230383338383637316637663139623537633632326239613062343365
39663061643661313535613234643335376465363331363762653830643333386437323535386236
64666361353265366332363539653663623461656638376132323939373362643838313438613235
62663038613965663037323338656663376562383564393263613835323462613339643863326132
34356338646537373932383462653231623566636561666138633962313533646265323134313966
30653830376534356163336131633139396261343630313639396638313137363633373666646666
36663238373536616662613561313561333766393737653038353134643862333331343836656164
36383637326434366236313738366563636539326638373830323338376562666636373662623834
34613937616264643663363839333433376537383838633561663238346363393965393930636566
37663835323166626638616333653535623830343231353037613137623061356235383535306635
61653238313039353832626434323038383237633966373731333661633766343464663934316236
65363038643835313365386134346638323761633735636130633332333539656162303563356638
63313234363566336665656331336634313536343166333536623162366237326237333831623266
32363066376665666235383730316261643863333864336230613335363764323630626262343433
37663838626135643062656438346433623466396366333766343965633731323962343239326530
65386431343838646161336333646338373038623535623434323363343137373338626436656531
30333231663932623533626264303761633662386263346562653064343934633938323034616564
65396365383965373930393537333764363137336635306661343763333061356632303765616437
66623165656464376534616630346436616334666133633136393330323738306337633631313632
63323936613838333434363335653566633435306533313561373262656330646362323963366433
66353938633439366337613032393839313966303137356233353230633732383437343133383331
64383766643061643030623533343063616564353534366134333939666265373236613762666363
39363134333030343637373835363534633762646266303738353839393866356135353161323964
64623833363135643063646636376165613737326334353939323735333965383833623630366532
66353065643738346638613033613430636661333737313335646632643230643737336339313362
38653061363432396461653839633131653435636234313465366639313636343061363733666138
32346362306365313330376535616664633239646137343331613464646630343031353364353939
34363861323638306665646463396237333234353333373833323831666662306265396362363335
61386531306631373332336564653866333532393434313333373936316133363432306565613334
37366532306533613562363366663733613130393435646236626361656435346235326163363338
37633964643963663933316263373139353535653661343864353833383436343965646132626331
30663835323234656264656261316539383831306432626439313265623461336263626161383233
30656161306134386432323632633139356538626264373963653333373833353039363537303361
63633038386339633639316465633733336262323163316334393938353962363434666661353635
34663435396533343837613462336634313461393238373236613731346661313134656139393263
62386434373262653633656432313335393066616330393661363666323731376438393736613364
66303238633832303863346530623232393734313139356137323532383239343030313434383931
31643933366138623166386632393162346239373533663732326437356138616665303838383331
62323337383636633561333936623538343761636434323135303533643131323530333133363430
65303834323761613264646133646533656366306363343037353433303665343938383238333364
66363463363566353530376330346434333563623134643864643761316533356334346665343864
65363239353963333331623431313038373565306462376434323230643161306139313661663962
33366461323061666536653963623235663031633539353935356533653537346138303664313235
39383866306330313939363462623632316539613238316336373433383564323432376362636663
36333664383965313833366262356165373937343565313839336533366163613437316431353662
66393538633964303465386139316630373265373630613963313931633835303764643435626236
38333362353666643764376163303866356530303138613137633735643138373937383363343766
30643139396361396239623462633236613363326233653130366266373232393539303436396566
65333132663665316433386563663931666535356665303132383866386437663434666565653937
66343531666334363363323932653733383530643635663735653834356136653363303933633266
34656530353132333637356231666465393236393563613437623937643466336638313636643361
64343436393234393537653634353438343634373562396134303333313732346638613130653864
31366364376335333331646361616165353035383764383166306462643339383462643739636136
37653632353961653337353030383538633062306663336363356534616664653639323030346638
66663839376165373362396164626561393161643038653565626531646465636637656135626162
65396365346236346165633134363331656435626263636430643362636564626132616338656165
66353337613134663164656532366636333163366337356132643333653837383766
