$ANSIBLE_VAULT;1.1;AES256
38373963393266373761643963376632623231613266303266373266663134643432336639373136
3130653664303639343436393338363261623430346263650a313130323065306662376264343337
62336130306139343532653964643662336132663762663134373365643132626536633163653737
6335643061336261360a363031633231343063373261313261653339643662666336326364623730
64333839633733383762366335623466626465363536393436366332326636333061656163306438
31316533383363353237386363333466316439343264383433353366323631336333333435373237
65306336346638666461653137646236646363636363363033633861326131326565633339313335
63396633663063326437663961613339633361323839333934323765656335633264663566323262
64663532663839643131626134353238613434653036383464653461643733633662353032303939
65646365613732363064313931643263383237393335616562306430346430666361313861316162
62386432343264396161353130623134653533643831366161383061653930363862633166356266
33363635373231646234313134313762663265356434636462643439313662393030373330646439
63623765323631373235393334323865643262363865323866316361326434623530313665373363
63386130656634366563663535383262303837316331326135626436343434633962623335333335
30623631666232313461313364616263663737326638313663393961336166663561343430366539
36653937636435666434353837613662336665323464393337653535336161336131373566613862
34373738313636383430353730353837383633623064366339383735333863306534323864313462
36303931323933643662623035623831663030316339383664323163313838396233626337396364
32663838383831373833396263306139396630333339376336656338366231313262643461623337
36623164353732643833643831356534653836366533623565643366653336366264353738353164
35656331353431353565363461303539356664653933326565383037393639613765623536316331
63633566343137313265646535333132346636316263353330373435393834343363346631323134
34393436613435306362326662343634396431643736316239353363643462363961353836346235
34636163356530363432343561633039396162376262386338393266663338343937653063316263
61303061353532633633613031623039336265386137333834383037303061343832316635336561
64353166346439323831306333343038303135353562643633316564646264363339663035633334
37373766333732353766376231313561653466636432303137343935326431303639396437373964
34613035383839363234623837373561313635623330343031333033333862316238336534626164
37613962396433356233623564326436393066656533336362326661393532626664323838653338
62633263346236363533356534333865303561663566346436366264393835333934356262646334
36633630343434366464326464343931336530316234666632393662303534653034666339376363
66663730663465623264383636396531643765323438646235626166346231333134313332303563
39353035393631346637643238316536373664353464373131383335363136636461373830336432
63656362303430646333356139636637633330306634393763333961303230336166393934326564
30333437323634373462613565386362363062383061623331613932376537643832623833636265
35313666613837663932326233643863313334383233626163353163653737363932396438636232
63316262306134373132623836343337323665383264323364383935656566616334376134373434
62333131666161323265343532636433626333613138616362373638333437633765653561373164
30623938373638386334353362393134396132353631663034656466353137646662646231393462
33323666363635323261633732346130336134303964333934326132666566333130653437633536
35316431363738616533393832383830663866626539663336303033623337633132326135363730
30643937643466636463656361653161313862316430303865396538616230646632396263633565
66343864346338363133386266353763653066333135363839613536373866313236363131303736
39386539653263316431336637663964633664616563303832363335313939613738313763666664
32366565393962343066346264666231343234366534643734333062313762316138346632363230
33643137383661303338626162386661343531383332393763303136313365666165616339623763
30323235353461353633316366356239663932313965366334323363346434326263343135656338
33336430313334616534613432633863663136666336633566316462653066313636626532303366
32343764663865386135376661316535313132393261333331373066346535383230616565643235
61633331343266343936653633613630336165643632343138303265316230623035666237666562
33376266323139656434326235626466646566336337323930613363616131306163666239303336
35633034336262613738393963376463623538353532626532333430633533323232383235353234
32633162653835376533666263396663383534376634383463386633313532643062316538316634
39663063643566393639626465303238356462313631646335616264396439353135366631393032
30353861613133613539306530333637663837343635616161636664616465343030386334306436
31383362626435386533663830373939336436643265303263316531666333316635653433343234
64643837343931636339643535393762633439313532616635656164636565623936656461373036
37666633626239323032366664333461363363633162636465363935353439616333366466353237
37653166356162643431333032633665616534333931373936336564353265373939393436333561
66316534653633353364663532613438336366363665376339343166303636393664616331373531
32356138333665353266356337306239663234636463626462646434356566646364383438343666
64653238666133373433356162366231376638393738646262356661613565626465363237376432
35323334373062633363623162376439666665626661613566666439376461613036623035343236
63353865333731653038383136326531316638653439363662353539336663363434363730613538
66633264353463303034656637343266383531363361653462343863623334326463653766623265
66356464376537333536383332356462393033343034333065353736396137393232653161396565
31396635386131636365373534636464613830346230343731303038613230303661663464623938
62386265313238323464386430343763353262376535656539313834366464326235336463363630
66393239623039313465636661393637333130313761656438326231316532636535653261326664
33633935306162316636376461623461363633323531653731373233316139643636353432633037
33383361363462366133363365326139363134643032343831623461313764333437313532346165
30376139663830373162303037303638303630393263383362323138343034326130386661393230
37333939363538636562306262396264373636613932613730633862363264316338633030663662
36383565326262643430326434346362343261323462383232613238643164656332343037373037
35626531333265653338633531346362613535323261313139656432363231356339626539623536
35626636333237343632646362393236643737643434636436636433633131383234366130383636
31306662323332323731343562363538333631356535313730643662656239623563643933313138
61376538353962646639383631656431343230656230376136333262383435653434613134323532
63313461613439646661343466626566633366353533323737333765653933306665386531623437
65373836616235613333396436633731633633613437326466366331333934356235323466353964
31316634333536663431386131633639633164373366393936383439383339383639653130626565
35333363343331326339313134373465356435353830393038306130663633373661626536316435
64613362643730373936393065356463313564616565343334376435343163313334623437343266
66323137313963636437303731653533356665353735363064343236656233613230653035653363
64616136376636386238623037636638336136623561623831643037343236323765356563333039
34613838333934346663616565343864656366633930336537393338306336333033353139623735
39383834656264333662663333643963303736376362656566616337353935313366393838303336
66333034343462393462323333356664316661646664633332616230633934363636373062373862
65306136313431613637656433393532643434396264613536353563353330333631636337366438
39636538393364653561323039333762643838356565616131636633376634656331366339393434
65633637353066323138313765663331626362643461363537343534613837633236643434346563
32336230383237326435323932343231373665363735303862356132363738616435383237613765
64393365386637303135373835663937633033663065343438396138376231633138663635336336
33386561333838353836393538616332386437646334663564356234613935633764323361363664
626561633534326265663731366332643464
