$ANSIBLE_VAULT;1.1;AES256
65623536626431393439366565623066333137353863336435323538383231383633643734326237
6562613361626532626561653966393461646236306462640a316530303066303631633232323034
39613639376531343530663361393765313531373637346537393532303238393835333839336132
3965623764643536610a633933613464613166316533376634633333643965326263383061333430
32636633333165383437626630643862323633636131643536356631303064393537393437646661
35636265623035333561633264386230393766663464356462613834373463303661666536666338
65373063653665303065306233376236333163373464323430383061393566663938666632346335
31303963366262356463633235376264383364323835323439653838623030646165616337323236
66653333393335353862383438303533353037633434666233313034373634383733333137656335
38333863646461343534376232363830336432366263373735313933653534316637356233653732
63333039303535323438333031313466373362383533326631626233653063353662613365376639
34643765666435663632323039363365623935383437353335373437346463623262353164376632
31343133613136316235353830343337343861383164383238336535633863373065633235363834
31653834386631663564313135643235366564383535613732636435303961333363356264313262
65356336636462353931623138396333356136666566306131356562663732626166346232303963
66386532373566626563343034376232346565313936306230636332326362333239333635646634
35383164646166313735383161643630373338323866316439336366303262376130313339363530
37653336363133393265633365383465386633346235353439313765393366623165626639323138
37363031643737636466643337626230363533623030373139323264363539313633353038633332
66303065663565623062363333653130613534393462633238643730306165643530393763326338
39396438633431313235373439323966326165616532646565616436616531306639623366313332
32376239633964326333326539663361336261323731386536633837376338323463613834646331
66356537666631663938363536346564343934373133343335316261643137306466616336393337
63373434616532653832636161643532616637656537343036653936646561333536313266323164
34366561326262656132616264373339386332636634633332373865653237366262643135656134
36373235396235353034326436626566653839303533333362393138633962663536623166383933
65323565626261663763303363356161623366313335333465663036306236646633323537333133
35663265646361326437323461363237346532306439613639353266386366313039373734376534
32306365653764666130666430653530666332323438666662333932343064383130383632623233
33366566306231346162343934303732366637646361346261373830336539656564666234616130
31316134616431303134366430353563613335633135336334376331663862623333383232343330
39313137306462646336333663356134613536366461303061343931303462313463306365616531
63356263616161383839643335616366653632323365363030343538643536643065383862366633
35326236643939613863303961643164666461613035663534356538626362616162663063613363
61653566616166646461666137393837353264353032323063363235663961306435656236666661
30376436333539396266303662323438303435303436396235373661363966623934613231363566
63656664623334373564633739633430663964343362393762323433323232316233363061343337
30356334353530386264386264343631353766386262663634373334323430376236386437353739
62313530646433363030396261663864656330623037386361346137646662656536666131313635
36363035353765313838396265356166303364623264396462613866626464353333326266633736
63353538323665643834646664663662316238633735393731363563663962633638643837363738
36383536303134323463373937623462323437323037633838663538633663316131313330336339
33623034366633396562353933356432383736306435646561363965646661386430313033373936
66303461353966633138393064616332663231633761383239663030303066363634393830343163
64363161623062356331353663363763373662663738393335353135633164356135303830353938
35633165366334316261393433663939653036393833666465613036636566386339613231636461
31396461666430616665613830323031623963366636303335303163306161383562656663386232
35613638396130633033393839303361643031363765626666353236646135306138366364616633
61323137343263346461303430663634323734306637346563653030636630316462613463303132
38643965623031623437386462336637313661633662316465363934396330646131376130646237
33636533663737616632316439626266343931323236613962323466343964393261646661646461
31313032613263393639666233333934356432643239613438326536386264656535386566346235
3538
