$ANSIBLE_VAULT;1.1;AES256
62313638343438393362376363323930613239386331353361313836636334326439393531326462
6230316632383566343762626563323230666439353133390a383833656638333764343238343362
36666165346236306239646432346531346237323766623633373766316237636632353031386366
6462623031656533640a616136333834636132636337376632376432356139353361636466356139
62656164653933383663333030376137303835343430666464343437313863353638613134396137
39313834643262346264323163383130386462656439346333353335616132646463303334323333
61393630376462653863316565376564336431666561366635363032323536306535383566316664
33356131346530396234393163336664303532373237396637393333303730303334326563383638
66373363373833623463616439326634653461323964643734396261396164626337336262623537
32633061343865336164616136626535656230616534386631653534623662383639613930326437
30623531323434396465616636616265396436343162353532623866653261343038643334383865
39653430656433333732616465656131323363393037616362386433303134363865366366356233
38316637363962396561333532666464636561623539616263303564666536346631323335333031
37303933376430383932663166626136663633626563666165343338303961623162336362666665
30353031343235373638656439353738386565626561346433633033636163633961623861353565
36306339393262626637366561656139613563306330623965383130653131666236626166326635
31333632343564626563616636343231636333653130303764353037373063306532626633326137
64333465646162616461393165336163613964353363313038313863656135303664353761633533
64356164336332626339373031363632633035393436343032346661323062383362613866613862
35346636376231393530353030396238363564643231323766363336333539623836306532616562
35383136376232626564323136373435633538306664643733656431613561313562616464613535
35613762633332633839393638646436393264306436393934656263646630633332663732383666
35663665386537343231356330346531383163313338353032653933613362306463333531613034
39633435346131623935386139613366363566653465623237383436646365643665333632353733
39663739336562393530323032666238653938663334613531333565303031316339373632396639
36363931376161336665366261643138316466323766316264313339303739383431303965316332
34306464613766326438623132326634646133326337303339616137363462653363613433363539
64646438663764366566323238376531363439616633643636663435643962376164663563353935
63613131343034326466393764323339666331636561303434363063303662643262376462613532
64623136376566306365346133356239623835313235656463616336373833643062623431376636
62656561643965636563343861396631376234396665643832316530643065653366333730366239
39363531343963323962323138383235393339666231306532313334333633653532656631373531
61633064353839663566336536373134323437323639333638313433316533373062636630353130
38613164393266363133336639303834633037643332326532313765643336303337666264666563
37303735666561633834613231303531313863653132363835393664653938396437326337303762
39316661376661316533373335646431323662623634303562316266646239626363383434313861
36396265306135356230386232353364656664633130633431616363343061353431383232376263
38633737313531373733343731656562356236313235363736303034333330653638386363363161
64316165313763613932353338326162383339663932646462323436653130613566396237336130
34373932393735353436666231643335313537646632333163333961333835313530383131383562
63623063613765363731636235386439643363346263363635343066366364653833356532343565
35396666633661343866633934646130363761396536643663643136333263366662393663313231
31353237653533313233363839373530643432643264326232616334306337356139303230363263
30626635306234633737643865306561353234626264656230393739383361613865666133333663
62323566306266656139376165306532616135663430616336386237353665343830386338393739
36323535343539326638623561636664343265383364316262376565643730376231613730336332
37323539313964363232323734646535366663636132633636666333393034323836383561356137
33636136343064306535393366633830373863643539663866303532396236656565346637363261
66646634383539646265363264663361636437326634633266333130376464623361356563376435
34376562613937323465393663373137333338633765326435326230613837393462333864333465
62303636373366393565613162396439323832303037366532333939393835386632363436313333
37386161623830653732306338646438663263313031336230396532303134643266636337626464
31343733376439306162623230623062646537623930326430393362363537653332343336613061
62623839646330363531376263396461306631313262623532306432373065666363633966316434
64373832323465386564333733303338313930656130393361616432363335386661323836376531
63313263383266383064366661616338376332633866656233386532363938656234306536336466
31613262386633316331346434336639626138313166303966306365353965653236343030656634
30353532636662393534326432613335666135343536396539333930323234373436333734653531
30363965616237623934646530396437646136613739343130343562633237636561343766393434
64353831333238363933393063303765336466333939353264383435663636376434363336386333
33326361313564623535653139623936633761623531633137396563303739623066326235613264
38336230376434626634383664383938306235343333316137363536633263663335383739366637
61373433653131643434656665373763353862306365373131336661623561626139363565343138
62336262396366666662363134383733613063346232666662666330646631626163636463333632
62613831383430353938336366383138343333646634656566353963656163653665346134613765
35363339323035383639353865343638393337323765356537346636306637396263326663613866
36643764613130373831376639633563643633626432343033353063623538316363313461376532
37333138333632313938333530363263393464346335326430646333376663343436636137653962
33656465323836626138306536613066646439336237343934656566383534636162626264313135
37386237316535636662383164383436333262373633613163313064643534306632313136663432
36333832623833393163396636396631363562633939663461346566383662336163376465376466
39653561653333333462356132613966343835386163643164363737623135373562633265353763
31613262613862386462333334393465626635393639613866643736393630663731
