$ANSIBLE_VAULT;1.1;AES256
35313362656266613763366565326332383830353432666633356165383337313865356463376237
6339383666386363376234326333303762333365633631640a626463363265336562353661356630
30363130313135306566313432646439396330663131656163396533353634656462306561663366
3034316233313733340a376562383234356434303136383734613263656438636365356334636666
66313063373233376663316237326334356539626434616338313164633937346632663131616337
63663633656430373839636638336165333134306436303032303963623632663338316462373933
32393065613333363038373966343237646664343338626263303635366237396531333830653164
61363865326231616237396362313339383937323566323333383936633564666436636138343766
39306630396263653463626331346162353330616334636633396132396138633862623662353935
61353838633838353664323139353134643632623864613836353366613962303830366165663431
36653735643837633465626365663963643233613162303133613930643764643763623966633461
38653035383634616339386133336366616338396262613436396133633937373162383930626163
63303534663733366233383864316630376663313239376530326464666261323539316666346335
33663162313964626261613639303135643764303135656130363061616465363264626336363030
30626431343334616362616532386233616564363231633435383832666135613034313436366666
30366364623866373861396561363038376561656533613665623863363135393138636239306131
32316630616631313066343335373439633332323166633037633534376535623066643261356433
65663761626366643064663132643965366237663337386538333131626366616662643064636164
61656365383835613937656339626637393262333965316262616435646465383936396330393732
34633132613764303132316563613238636630653564613432636662323961346439353236616336
32386436363438326634353865366431353332636439303164646536613165643431303035343332
62333139306661633338366331663937306334653031626436306164356538646364323139663537
39303261363332346532663030646434663334343633353361343263663537653561373031393236
62636235666139666466653636356330336137333264336466306338643563393738616339396237
64326466663531633665393131636230613266623064396132393832363738376433326232626539
38626330316638383935373665623034383136343638343639663766343461383362633635303363
30356436306262346265656434656233383231663337636433343161333462373962646463623834
38646335343530373333653436353861626235346135333864623032633466633362623131323065
64633338653761333566613936643835363636326462666162383234383065623535
