$ANSIBLE_VAULT;1.1;AES256
35646561383161343238366562373566643535663466623034623361666138326434353465653139
3430393737666564623435666237353337343239316532610a653030633236326366396135393162
63366362346263356338613664376134666438303736633838623336653330383163393633303562
3462633437646532660a663263363531656262393663303166313036383537303033346338623239
37626132333966653464326230383661383963363636646433326136313136376435653361383065
63393562643564336436633363316632653838633464653336353931643365356466353163386237
34666562336230353563353062656463643131383361623066373730386465363564623331646166
61633036326437373330346462333333363531343934613962636237353839303764396332663562
37383136376538616361393261303938323665333063666561316531636336323033656564353662
63303733336566613464366162656635633566666536613165646461386637663632363933643166
61343339383937613834336237633064333331623435386565643430323239326539326437316439
66656661306132666633386439366335346434663832336137636461393965333635336332373362
65303263303439396166643763623366363134393033646261356135353830396165643234633731
35343236313963323961663434363764663634343565646632316132343930653330303763393832
38323762303331333030613934396335613137373938633562626166613964326665656634346235
64326230333231376135383332623039643664633330386466356265363235653062373766643765
30643932386463343961346137623163666338333065633561313333383862653262643362373661
34323739323735393635663766623462346136613733346636393539653237633466356362653363
62653736626361346665643732316631313636323437623530323436306263346266333333303335
63376264616239346463646631323931333862626331613935653735663134336464313161633537
66613564393664383032623538666232393066646532383237313261613938363565393861663931
66303630343265343539393437336430313836303734373364326366613036623730393832663962
30373632353662396438663936373865646430623032323239343562323239303337396637383330
35373462653536343638386436333638313537353134666239323333336132633832393435326336
6439
