$ANSIBLE_VAULT;1.1;AES256
37376665343839366262633738653831653938333130353237653036366133323164353639333133
3533363834643134313331616437623631636261336637320a373464353737333863343039646538
38396335313432313063303364306236376661616432336630663730366131636539383864626434
3332656239316239640a353330353532633939333836616438666366313762653964383962646365
39303239616264643736343039363064323961383063386461353530663062613134613663333938
64643736643037643863633762343732353934616235303733323136613736656337613563336437
39653563316466316436316239666336343563373734303831626565663639633236323161656130
38343062363465666266666133653536383433633661323962623365666564616234393538343633
35373532366231653539656364623233353431373438386137393934313166376335343137303064
37666135633934386636653731346631303339333437653761653631343738646530363737363066
34653536363735393837363866663966666230333936376332313232616231626461346665393635
33333261333439353334346434333432666539353931363938666561373161333264366237326538
39343134333061383037653838313837663039343632353363313739343865323665626461656162
62383133373736623835366163663165653634346663393430363831333238303635663331353931
33353834396163646264623166323363383765386234636335616164383233353733316333333138
35656338613066363366363237663266373736373232633934643765343037336566373939303038
63336437623034323639643631356138313866336435366364343861343031306564386163373536
31313836373637393539626230613561356664313461636537626637623463336462326135616435
30653430363865363266356234326665303765356436393662306565363135316463333339613061
61323838353935653035393034373536656137643362353732346265626566353630653861636263
65373031623735333635336331653764653633313534346535623234343866633839396462366338
34356662353339373133346337363265396635333137356665643838343563323166313563356335
62383532313464373337383063393864313933666139383434353930373163613438646462633031
30626637353837366638363339643166316664613138363433653832326462383337323463656336
36663637363530373261363838393965376631316264646534653665363632353734613639323765
66353239666161653961633262353731313966366465396162303763653838363238666564636131
39656162323234613538363262303239316639353437346339353037373765393833313665333636
38376564343939376535313139333562373064393635363136666365666532366663343339383666
36396664653434343436363333376439336464353364363763663739343239326566636364306463
35343639346439653233623530323130643232363333356631666133363734633430623262376265
31333466323365393839383033636539396635393731633539613833613333393039316261636136
33343561393063656564636230656362326432323330383037313538393766656134333066366162
35656334643063373564353138633832663238353562653537636436383032396232633561323330
63356161386639646334646463383838633866343134633136643033353562316539636666656633
38343433633937616638653064636432383033363363353361306534623662643631636531363164
63626630383861386131656630363933343761343638323437306462326439636161633735643630
39363936346633373932333134363338636566333332366230653236323035313531336366613735
34626262393739646231643039346661663863303433666636313064303134363564643532653236
32653939633766316165376536333339616166646361396536666331663932636162316562326436
66663533393336343662383464356565623062333336363666616461643464313738353936616433
64616565396235303234356565316165353931633938306337633332353736653138383233313239
63373035316564623639333030623735613232346564313163366338356531633763343338623338
62393432373534343437626532393539316263393837633938316634383432376162656662616238
39343436313033646439343464646563373537373636353933383535323132383138613237613639
31346666346565343162366661333636663337326566623565386435326266356532623466393033
35363366373435653437326465356137303239633864353931383834653837613039333439306339
35356565373062356330376430613464376136363032353035343564316431373065386661323064
65633064626464303338303563306361376561316561313863623662633862373963346661656164
65633435343838393234373263303134333435613166333261303262653737363966633835313563
39636331393339393462336130633533326536343233646336343132303434623962316666383636
35613839396335353135356564626138336335383636633533333562656661656433393231333464
64636637393937396633313932353966333530363564353366346632336238613239323330386633
37326533373963633930393962646237373662373564653366613137653363343538366363316130
65303563313961636439386566343633343238613435346234346434633562323130616534353636
65333039303063313333356362333664303130363035386530383765303366636439643039623164
63646332663539343735653264636362633034373861346331353431393465303663393165653564
32376330323036386265666338653732616230616639393631666538313761373037303830646232
36373339383935313437363635633836643735646238653634333061383763633230386661343137
61376336356262306165356362663730663234396335353330316464393062303063356261333931
35366565356263306130636538656233333162316537323266646631613464666239353430366539
39353738306434623735663331303335333531643765666539333566616166373633393661386463
30356539386466636136646166666161616333356432623031646431336339646534663238613430
31343739663737623363613661366661356266343166623630366262366361373163376161313235
37383937613733666138363463343137613138636537343031646461306638336331303564306265
31653934313936633430383731366138313636613231633730643632353663303266623739353231
37623132363738643038343262386166353362316537303939313935313832383964336266343439
66643030636565633165316134613333313936653364666466313261393639666463653461356435
31376137656564623632643166616461383239613764313264333966313038323266656464363063
62626431343064613830663230363630363737366136343965356431626261383338313962383831
36636637366361633533656461646135626334663932653737323639353634343936386661663739
65373836323336323430316265306237303937353034363835353330646138323536613362313837
32393936326237666166613539623761643631363538643166316432333939616463636530323032
36623464616130383437333731636166623139326434613039373265613238653130373631626164
37303132343431316234333563306632346130653835623236373430383732623434623765666463
61346339646464616565363461386166643831623835376530396462633765653937613561616335
39353564363739326130643063343532356631653964313536326638666434666635326632303563
34383430303933616263316432643131613864366536626539646636623831653665653839336234
34303837373265363736656661346237623737353032326437306531613662313339333661656639
30316365663935343766306432643365313837346437373338626337383461303336636565343365
62333865633136353731343961613864343031333239346562323235343761643161396664356232
66636631326431653466386464663839393836303363383934633839643262356462633263623166
36373161356330376662376537313932313237636664326265396236326434316436303733316164
62373037373032336434373539353463313834626362623461663131376466373736623038633365
33663535613130313039353639373937643334306364373738303866313336393761626234653939
61363936316161373564343134353937313932333937643236363961326230323234353734356365
61383738623739363862343939343736303466623634653861663134663433626637386234653861
62323562313638326365623531303235616238326166646334376534356239613633613264633362
38303663326361353663383762386336376563616631343364323363643836663232646234623465
37376361313061373234313930623362663030343332643838663031376130626139663337326138
64383637613136353537626538386134356234323662313631326563363234663062653839383364
30323733333637376239333532643839303739363934306430663234633031383466323238383432
31353130363336373166666333313631656539323939323365373465343636373332343164646261
36343565336665323933356462393531333633363939633131653138613461626363616230646531
66343566346437616632636164383533623566356638623035303463633861326164626236396238
363632303032303031386636303231313866
